other/configs/settings.json
  s_8c45f77e753558::t_6b2b89a34be8f0 19-25
src/app/lib/theme.ts
  h_90ad036e211778 2,4,6,8,11-12,14-16,18,20,22,24,26,28,30,32,34,36-38,41-42,44,46,48,50,52,54,56,58-60,62,64,66-68,70,73-74,76,78,80,82,84,87-88,90,92,94,96,98,100,102,104,107-108,110,113-114,116,118,120,123-124,126,128,130,132-133
  s_8c45f77e753558::t_760d9fc9eb1d2d 13,17,19,21,23,25,27,29,31,33,35,47,49,51,55,57,61,63,69
tests/unit/theme.test.ts
  s_8c45f77e753558::t_0458c2f6e4888d 1,5-25,46-53
src/app/styles/modules/theme/nord-theme.css
  s_8c45f77e753558::t_8a53abb98abeb0 3,83,85,87,89,93,127,161,169,173,175,195,203
  h_90ad036e211778 2,4,6,8,10,12,14,16,18,20,22,24,26,28,30,32,34,37-38,40,42,44,47-48,50,52,54,56,58,60,62,64,66,68,70,72,75-76,78,81-82,84,86,88,90-92,94,96,98,100,102,104,106,108,110,112,114,116,119-120,122,125-126,128,130,132,134,136,138,140,142,144,146,148,150,153-154,156,159-160,162,164,166,168,170,172,174,176,178,180,182,184,187-188,190,193-194,196,198,200,202,204,206,208,210,212,214,216,218,221-222,224,227-228,230,232,234,236,238,240,242,244,246,248,250,252,254,256,258,260,263-264,266,268,270,272,274,276,278,280,282,284,287-288,290,292,294,296-297
.cursor/hooks/state/continual-learning.json
  s_8c45f77e753558::t_b507bf4378370d 4,6
---
{
  "schema_version": "authorship/3.0.0",
  "git_ai_version": "1.6.21",
  "base_commit_sha": "cdea9182ad543648232ab7e44053573b94e2be93",
  "prompts": {},
  "humans": {
    "h_90ad036e211778": {
      "author": "ATOMANGELETTI <DUSTIN@ANGELETTI.SPACE>"
    }
  },
  "sessions": {
    "s_8c45f77e753558": {
      "agent_id": {
        "tool": "cursor",
        "id": "2ab87d8a-a457-4602-8efe-9c3bc24d1962",
        "model": "default"
      },
      "human_author": "ATOMANGELETTI <DUSTIN@ANGELETTI.SPACE>"
    }
  }
}